0 107 400 29 381 78 278 149 287
1 220 420 131 412 171 288 252 297
2 324 432 235 427 261 296 345 302
3 435 449 333 439 352 303 442 310  
4 539 457 444 451 450 311 533 317
5 174 236 105 227 137 151 205 153 
6 262 242 187 237 214 153 284 157
7 350 250 272 245 292 157 364 162
8 443 257 359 251 372 163 444 170 
9 528 265 450 259 452 169 523 174
10 220 113 159 110 189 45 244 47
11 294 118 229 114 252 49 310 53
12 365 124 303 120 321 54 377 57
13 444 129 378 122 386 57 446 60
14 518 134 455 130 456 62 512 67 